928
930
930
931
937
931
931
927
931
927
934
929
931
931
931
928
931
932
931
932
933
929
931
932
929
931
930
926
928
930
931
930
936
931
932
931
931
931
931
931
925
930
931
938
931
937
931
928
931
936
931
931
931
931
936
932
931
931
931
932
926
927
924
924
917
931
924
927
918
910
916
901
914
901
893
882
882
871
871
868
854
840
823
817
798
783
772
772
764
746
735
724
708
687
664
648
593
578
542
486
422
392
370
360
340
319
281
235
195
124
98
16
14
4
4
4
4
4
4
4
3
3
4
4
4
4
4
4
4
4
4
4
4
15
18
15
15
14
27
51
70
92
127
146
169
195
212
223
234
266
276
292
305
337
349
357
374
377
375
388
447
468
485
533
580
606
634
680
726
753
770
782
805
822
841
854
860
860
873
876
881
883
897
901
905
903
909
904
919
922
932
930
931
931
929
930
929
931
925
928
931
937
931
925
932
929
931
931
932
928
933
930
932
930
931
930
931
930
931
932
933
932
928
931
927
931
931
931
932
931
933
925
928
934
928
931
930
934
930
932
931
926
931
932
931
928
932
938
